0.745859 0.005117
0.39849 0.006420
0.795988 0.013279
0.823969 0.009586
0.707886 0.004517
0.832695 0.003363
0.546884 0.008806
0.698838 0.007647
0.639458 0.002424
0.382188 0.011991
0.714422 0.008476
0.672871 0.005258
0.366346 0.014146
0.714527 0.009804
0.789612 0.007561
0.96664 0.002341
0.568982 0.007165
0.528818 0.004932
0.534002 0.002874
0.668184 0.004648
0.61673 0.007395
0.593013 0.010155
0.231545 0.006350
0.616483 0.012993
0.794708 0.007463
0.682929 0.011472
0.641004 0.009939
0.916028 0.003427
0.716392 0.006985
0.432664 0.008343
0.246126 0.003940
0.712499 0.006345
0.148913 0.004453
0.723694 0.006465
0.463348 0.006135
0.234119 0.009791
0.269959 0.009616
0.471621 0.007607
0.816055 0.000559
0.734997 0.002871
0.788113 0.003060
0.866021 0.007495
0.592758 0.006529
0.83486 0.007547
0.792221 0.005601
0.280852 0.009865
0.708346 0.003787
0.666318 0.004362
0.750811 0.003721
0.410163 0.005670
