0.251441 0.009255
0.00374232 0.007319
0.00355615 0.003907
0.691689 0.005847
0.299359 0.018270
0.209928 0.012539
0.114809 0.017091
0.0806303 0.009667
0.00229323 0.002076
0.160639 0.006877
0.222609 0.018615
0.153656 0.010256
0.0609002 0.010668
0.0554564 0.004617
0.984802 0.001080
0.597525 0.006692
0.0455987 0.012945
0.252099 0.006716
0.0563753 0.006992
0.102871 0.022898
0.0204608 0.005787
0.0306915 0.013653
0.0834205 0.008773
0.000316438 0.000158
0.114588 0.006310
0.00530261 0.008945
0.479438 0.004050
0.0191641 0.005839
0.00555853 0.003872
0.134071 0.015093
0.45853 0.016627
0.0372298 0.003954
0.00751689 0.003840
0.743944 0.007191
0.083754 0.054798
0.179789 0.003576
0.0480869 0.006434
0.0503433 0.023924
0.0827437 0.009636
0.0167046 0.003500
0.00439663 0.002702
0.00010713 0.000108
0.000164483 0.000192
0.00261562 0.001175
6.11992e-05 0.000026
0.811182 0.002819
0.200037 0.016192
0.142804 0.008382
0.557751 0.016252
5.40427e-05 0.000134
