0.825618 0.002636
0.823219 0.005195
0.822955 0.010005
0.82182 0.003536
0.826951 0.003498
0.966815 0.001841
0.964926 0.001193
0.966359 0.002067
0.965043 0.001842
0.966417 0.002680
0.784891 0.006739
0.782913 0.008061
0.784386 0.002513
0.784135 0.008014
0.787388 0.011154
0.817159 0.002292
0.816348 0.004022
0.816079 0.003682
0.816732 0.005123
0.81605 0.006507
0.613754 0.012819
0.620356 0.005825
0.618049 0.008904
0.613949 0.010287
0.613289 0.009497
0.984865 0.002051
0.985002 0.001627
0.985306 0.001813
0.985224 0.001505
0.985213 0.001118
0.916081 0.003869
0.914342 0.004534
0.915247 0.002214
0.914482 0.003821
0.914197 0.002068
0.809 0.003426
0.810987 0.003853
0.809813 0.005330
0.811296 0.006844
0.811769 0.003215
0.796879 0.010058
0.798798 0.003950
0.796824 0.006090
0.795976 0.003974
0.797359 0.006466
0.7153 0.013230
0.711164 0.008350
0.716571 0.006778
0.713197 0.003675
0.713776 0.009437
0.466653 0.008327
0.463295 0.006084
0.465467 0.003183
0.465373 0.007973
0.466516 0.007411
